1,avijit,navidh86,4,5,2,3,3,4,2,3,4,3,0,0,4,3,3,4,0,0,6,4,6,6,6,6,0,5,6,0,5,5,5,5,1,1,2,2,end,2
2,solaiman,navidh86,4,4,3,5,2,1,cancel,end,1
3,navidh86,imnhuda23,0,4,1,3,1,5,1,6,end,2
4,solaiman,avijit,3,cancel,end,2
5,navidh86,avijit,3,2,6,3,5,2,4,end,1
6,navidh86,avijit,6,3,6,6,5,6,6,2,1,3,4,4,2,3,3,4,4,4,0,5,0,5,end,2
7,avijit,navidh86,3,5,4,4,3,3,2,1,2,1,2,2,end,2
8,avijit,fahad22,4,2,4,4,5,1,2,5,5,3,0,3,5,6,4,6,6,4,2,2,1,1,0,4,5,3,3,end,1
10,fahad22,avijit,cancel,end,1
11,misbah31,avijit,4,3,4,5,4,5,4,end,1
12,fahad22,navidh86,2,3,3,4,2,5,6,5,3,5,5,1,5,6,4,4,4,end,1
13,navidh86,avijit,4,3,3,4,2,4,4,3,3,5,0,2,1,1,2,2,end,2
15,avijit,misbah31,3,3,4,2,5,6,3,5,5,4,2,6,end,2
16,imnhuda23,fahad22,5,3,4,3,3,4,1,4,1,2,2,4,4,5,3,2,3,3,2,1,2,2,4,0,0,0,0,0,1,end,1
17,misbah31,solaiman,0,cancel,end,1
18,navidh86,avijit,4,0,0,2,cancel,end,1
19,navidh86,imnhuda23,4,4,4,5,cancel,end,1
21,a,b,3,4,4,4,0,0,0,0,2,3,0,3,1,end,1
22,a,b,4,3,5,0,4,2,cancel,end,1
23,a,b,3,4,cancel,end,1
25,a,b,2,4,3,4,3,2,5,3,0,1,5,4,4,5,5,2,end,2
26,c,b,3,1,4,2,5,2,6,end,1
27,avijit,navidh86,3,4,2,4,1,0,2,4,4,3,2,2,3,end,1
28,avijit,navidh86,3,3,1,2,2,3,3,2,4,4,5,6,4,5,6,2,2,0,5,4,6,6,3,6,6,5,4,5,1,1,5,4,3,2,1,1,end,2
29,imnhuda23,fahad22,3,3,2,1,4,5,0,3,3,4,2,5,1,2,2,4,1,5,end,2
30,a,avijit,3,4,3,3,4,4,2,1,2,1,2,2,1,1,3,4,4,3,2,1,5,3,5,end,1
32,a,b,2,3,3,5,4,4,4,cancel,end,2
33,a,b,3,4,3,3,4,5,5,4,2,2,5,4,5,1,end,2
35,a,b,3,3,cancel,end,1
38,a,b,3,4,2,1,3,3,0,0,cancel,end,1
39,a,b,3,2,3,3,3,4,4,0,1,4,cancel,end,1
40,a,b,4,3,5,2,0,3,4,4,3,3,5,4,2,3,2,2,0,6,0,0,1,6,5,5,end,2
41,b,a,3,2,4,5,3,2,2,3,1,1,4,6,5,6,5,4,4,3,3,2,4,0,5,5,3,4,6,end,1
42,a,b,3,3,4,5,2,1,0,cancel,end,2
43,a,b,3,3,4,5,2,1,cancel,end,1
44,a,b,3,4,2,1,3,3,2,3,1,4,0,2,0,end,1
45,a,b,3,2,3,4,3,3,4,2,4,2,4,cancel,end,1
46,a,b,3,3,4,5,4,5,0,4,5,5,cancel,end,1
47,a,b,3,2,4,5,0,cancel,end,1
51,a,b,3,3,2,4,5,2,5,0,0,0,cancel,end,1
52,a,b,3,4,4,3,5,5,4,6,6,cancel,end,2
53,a,b,3,4,4,3,5,3,4,6,5,6,0,0,0,0,cancel,end,1
54,a,b,2,3,4,3,4,4,5,5,3,6,6,5,cancel,end,1
55,a,b,3,4,4,3,4,5,5,5,6,6,6,2,6,5,3,5,3,end,1
58,a,b,3,4,4,3,3,5,3,5,6,5,5,3,4,5,cancel,end,1
59,a,b,3,5,4,2,4,6,5,6,3,2,5,6,5,6,end,2
60,a,b,3,2,4,5,3,5,4,4,6,5,5,3,2,6,1,2,end,2
61,avijit,navidh86,3,4,3,3,4,2,2,4,0,2,1,5,3,5,4,5,end,2
62,a,c,3,4,3,3,4,4,5,5,5,3,6,4,5,5,4,1,1,1,3,3,6,4,5,0,1,1,1,0,0,0,6,6,6,6,end,2
63,a,b,3,4,4,4,3,5,3,5,3,end,1
64,a,c,3,4,4,4,5,4,0,3,5,cancel,end,2
65,navidh86,a,3,3,4,4,2,1,2,5,4,3,5,5,cancel,end,1
